Date	Time	Status	IP Address	Module Affected	Message
2024-06-24	10:15:32	DEBUG	192.168.1.10	DB	User john logged in
2024-06-25	10:16:32	DEBUG	192.168.1.11	MEM	Connection established to database
2024-06-26	10:17:32	DEBUG	192.168.1.12	AUTH	Disk quota exceeded for user alice
2024-06-27	10:18:32	DEBUG	192.168.1.13	DB	High memory usage detected
2024-06-28	10:19:32	INFO	192.168.1.14	NET	User alice logged out
2024-06-29	10:20:32	INFO	192.168.1.15	DISK	Network timeout for user john
2024-06-30	10:21:32	WARN	192.168.1.16	NET	Database query execution started
2024-07-03	10:24:32	INFO	192.168.1.19	DB	User alice logged in
2024-07-04	10:25:32	DEBUG	192.168.1.20	DISK	Failed to connect to network
2024-07-05	10:26:32	ERROR	192.168.1.21	DISK	Disk read error
2024-07-06	10:27:32	WARN	192.168.1.22	MEM	Memory allocation failed
2024-07-07	10:28:32	DEBUG	192.168.1.23	AUTH	User john executed a command
2024-07-08	10:29:32	ERROR	192.168.1.24	AUTH	Database connection lost
2024-07-09	10:30:32	DEBUG	192.168.1.25	DISK	User john logged in
2024-07-10	10:31:32	ERROR	192.168.1.26	AUTH	System reboot initiated
2024-07-15	10:36:32	ERROR	192.168.1.31	NET	Connection to database lost
2024-07-16	10:37:32	INFO	192.168.1.32	AUTH	Disk write successful
2024-07-17	10:38:32	DEBUG	192.168.1.33	AUTH	User alice performed admin action
2024-07-18	10:39:32	WARN	192.168.1.34	DISK	High CPU usage detected
2024-07-19	10:40:32	DEBUG	192.168.1.35	DISK	User john logged in
2024-07-20	10:41:32	INFO	192.168.1.36	NET	Failed to allocate memory
2024-07-21	10:42:32	DEBUG	192.168.1.37	NET	Disk space running low
2024-07-25	10:46:32	DEBUG	192.168.1.41	NET	Network error detected
2024-07-26	10:47:32	INFO	192.168.1.42	NET	User john logged in
2024-07-27	10:48:32	INFO	192.168.1.43	NET	System update completed
2024-07-28	10:49:32	DEBUG	192.168.1.44	DISK	Low memory warning
2024-07-29	10:50:32	DEBUG	192.168.1.45	DB	User alice logged in
2024-07-30	10:51:32	INFO	192.168.1.46	NET	CPU temperature high
2024-07-31	10:52:32	DEBUG	192.168.1.47	DISK	Network connection lost
2024-08-01	10:53:32	INFO	192.168.1.48	AUTH	Disk check completed
2024-08-02	10:54:32	INFO	192.168.1.49	NET	User john performed admin action
2024-08-03	10:55:32	ERROR	192.168.1.50	AUTH	Database backup completed
2024-08-04	10:56:32	DEBUG	192.168.1.51	MEM	High disk usage detected
2024-08-05	10:57:32	WARN	192.168.1.52	MEM	User john logged out
2024-08-06	10:58:32	WARN	192.168.1.53	DISK	User alice logged in
2024-08-07	10:59:32	WARN	192.168.1.54	MEM	Failed login attempt detected
2024-08-08	11:00:32	WARN	192.168.1.55	MEM	System shutdown initiated
2024-08-09	11:01:32	WARN	192.168.1.56	MEM	User john logged in
2024-08-10	11:02:32	ERROR	192.168.1.57	AUTH	Memory check successful
2024-08-11	11:03:32	ERROR	192.168.1.58	MEM	User alice logged out
2024-08-12	11:04:32	WARN	192.168.1.59	DB	User john performed regular operation